3657.646,2097.229,59.743,0
3657.663,2096.229,59.743,0
3657.681,2095.230,59.743,0
3657.698,2094.231,59.743,0
3657.989,2093.515,59.743,0
3658.989,2093.532,59.743,0
3659.988,2093.550,59.743,0
3660.987,2093.567,59.743,0
3661.987,2093.585,59.743,0
3662.986,2093.603,59.743,0
3663.985,2093.620,59.743,0
3664.985,2093.638,59.743,0
3665.984,2093.655,59.743,0
3666.983,2093.673,59.743,0
3667.983,2093.690,59.743,0
3668.806,2093.526,59.743,0
3668.824,2092.527,59.743,0
3668.841,2091.527,59.743,0
3669.136,2090.815,59.743,0
3670.136,2090.833,59.743,0
3671.135,2090.850,59.743,0
3672.135,2090.868,59.743,0
3673.134,2090.885,59.743,0
3674.133,2090.903,59.743,0
3675.133,2090.920,59.743,0
3676.132,2090.938,59.743,0
3677.131,2090.955,59.743,0
3678.130,2090.973,59.743,0
3679.130,2090.990,59.743,0
3679.836,2090.705,59.743,0
3679.854,2089.706,59.743,0
3679.872,2088.706,59.743,0
3679.889,2087.707,59.743,0
3679.907,2086.708,59.743,0
3679.924,2085.708,59.743,0
3679.942,2084.709,59.743,0
3679.959,2083.709,59.743,0
3679.977,2082.710,59.743,0
3679.994,2081.711,59.743,0
3680.012,2080.711,59.743,0
3680.030,2079.712,59.743,0
3680.047,2078.713,59.743,0
3680.064,2077.714,59.743,0
3680.330,2076.971,59.743,0
3681.329,2076.989,59.743,0
3682.329,2077.006,59.743,0
3683.328,2077.023,59.743,0
3684.327,2077.041,59.743,0
3685.327,2077.059,59.743,0
3686.326,2077.076,59.743,0
3687.307,2077.074,59.743,0
3687.324,2076.075,59.743,0
3687.342,2075.076,59.743,0
3687.360,2074.077,59.743,0
3687.377,2073.077,59.743,0
3687.395,2072.078,59.743,0
3687.412,2071.079,59.743,0
3687.430,2070.079,59.743,0
3687.447,2069.080,59.743,0
3687.465,2068.081,59.743,0
3687.482,2067.081,59.743,0
3687.500,2066.082,59.743,0
3687.517,2065.083,59.743,0
3687.535,2064.083,59.743,0
3687.552,2063.084,59.743,0
3687.570,2062.084,59.743,0
3687.587,2061.085,59.743,0
3687.605,2060.086,59.743,0
3687.622,2059.087,59.743,0
3687.640,2058.087,59.743,0
3687.657,2057.088,59.743,0
3687.376,2056.377,59.743,0
3686.376,2056.360,59.743,0
3685.377,2056.342,59.743,0
3684.378,2056.325,59.743,0
3683.378,2056.307,59.743,0
3682.379,2056.290,59.743,0
3681.380,2056.272,59.743,0
3680.380,2056.255,59.743,0
3679.381,2056.237,59.743,0
3678.382,2056.220,59.743,0
3677.382,2056.202,59.743,0
3676.383,2056.185,59.743,0
3675.384,2056.167,59.743,0
3674.384,2056.150,59.743,0
3673.385,2056.132,59.743,0
3672.386,2056.115,59.743,0
3671.386,2056.097,59.743,0
3670.387,2056.080,59.743,0
3669.388,2056.062,59.743,0
3668.388,2056.044,59.743,0
3667.389,2056.027,59.743,0
3666.390,2056.009,59.743,0
3665.390,2055.992,59.743,0
3664.391,2055.974,59.743,0
3663.392,2055.957,59.743,0
3662.392,2055.939,59.743,0
3661.393,2055.922,59.743,0
3660.394,2055.904,59.743,0
3659.394,2055.887,59.743,0
3658.395,2055.869,59.743,0
3657.396,2055.852,59.743,0
3656.396,2055.834,59.743,0
3655.397,2055.817,59.743,0
3654.398,2055.799,59.743,0
3653.398,2055.781,59.743,0
3652.399,2055.764,59.743,0
3651.400,2055.747,59.743,0
3650.400,2055.729,59.743,0
3649.401,2055.711,59.743,0
3648.402,2055.694,59.743,0
3647.402,2055.676,59.743,0
3646.403,2055.659,59.743,0
3645.404,2055.641,59.743,0
3644.404,2055.624,59.743,0
3643.405,2055.606,59.743,0
3642.406,2055.589,59.743,0
3641.406,2055.571,59.743,0
3640.407,2055.554,59.743,0
3639.408,2055.536,59.743,0
3638.408,2055.519,59.743,0
3637.409,2055.501,59.743,0
3636.410,2055.484,59.743,0
3635.410,2055.466,59.743,0
3634.411,2055.448,59.743,0
3633.412,2055.431,59.743,0
3632.412,2055.414,59.743,0
3631.413,2055.396,59.743,0
3630.414,2055.378,59.743,0
3629.414,2055.361,59.743,0
3628.448,2055.375,59.743,0
3627.448,2055.349,59.743,0
3626.755,2055.646,59.743,0
3626.729,2056.645,59.743,0
3626.704,2057.644,59.743,0
3626.679,2058.643,59.743,0
3626.916,2059.393,59.743,0
3627.915,2059.418,59.743,0
3628.578,2059.763,59.743,0
3628.553,2060.762,59.743,0
3628.528,2061.761,59.743,0
3628.502,2062.760,59.743,0
3628.477,2063.760,59.743,0
3628.452,2064.759,59.743,0
3628.427,2065.758,59.743,0
3628.401,2066.757,59.743,0
3628.376,2067.756,59.743,0
3628.351,2068.755,59.743,0
3628.325,2069.755,59.743,0
3628.300,2070.754,59.743,0
3627.795,2071.249,59.743,0
3626.796,2071.223,59.743,0
3625.797,2071.198,59.743,0
3624.798,2071.173,59.743,0
3623.799,2071.147,59.743,0
3622.799,2071.122,59.743,0
3621.800,2071.097,59.743,0
3620.801,2071.071,59.743,0
3620.342,2071.614,59.743,0
3620.316,2072.613,59.743,0
3620.291,2073.612,59.743,0
3620.266,2074.611,59.743,0
3620.240,2075.611,59.743,0
3620.215,2076.610,59.743,0
3620.190,2077.609,59.743,0
3620.165,2078.608,59.743,0
3620.139,2079.607,59.743,0
3620.114,2080.606,59.743,0
3619.183,2080.652,59.743,0
3618.183,2080.627,59.743,0
3617.184,2080.602,59.743,0
3616.185,2080.576,59.743,0
3615.186,2080.551,59.743,0
3614.858,2079.888,59.743,0
3614.883,2078.888,59.743,0
3614.909,2077.889,59.743,0
3614.934,2076.890,59.743,0
3614.959,2075.891,59.743,0
3614.985,2074.892,59.743,0
3615.010,2073.893,59.743,0
3614.037,2073.842,59.743,0
3613.038,2073.817,59.743,0
3612.039,2073.792,59.743,0
3611.040,2073.766,59.743,0
3610.041,2073.741,59.743,0
3609.041,2073.716,59.743,0
3608.042,2073.690,59.743,0
3607.043,2073.665,59.743,0
3606.044,2073.640,59.743,0
3605.045,2073.615,59.743,0
3604.046,2073.589,59.743,0
3603.046,2073.564,59.743,0
3602.047,2073.539,59.743,0
3601.048,2073.513,59.743,0
3600.049,2073.488,59.743,0
3599.050,2073.463,59.743,0
3598.051,2073.438,59.743,0
3597.051,2073.412,59.743,0
3596.797,2074.170,59.743,0
3596.772,2075.170,59.743,0
3596.747,2076.169,59.743,0
3596.721,2077.168,59.743,0
3596.696,2078.167,59.743,0
3596.671,2079.166,59.743,0
3596.167,2079.662,59.743,0
3595.167,2079.636,59.743,0
3594.168,2079.611,59.743,0
3593.169,2079.586,59.743,0
3592.170,2079.561,59.743,0
3591.171,2079.535,59.743,0
3590.172,2079.510,59.743,0
3589.172,2079.485,59.743,0
3588.173,2079.459,59.743,0
3587.174,2079.434,59.743,0
3586.175,2079.409,59.743,0
3585.176,2079.384,59.743,0
3584.903,2078.668,59.743,0
3584.928,2077.669,59.743,0
3584.953,2076.670,59.743,0
3584.979,2075.670,59.743,0
3585.004,2074.671,59.743,0
3585.029,2073.672,59.743,0
3584.559,2073.144,59.743,0
3583.560,2073.119,59.743,0
3582.560,2073.094,59.743,0
3581.561,2073.068,59.743,0
3580.562,2073.043,59.743,0
3579.563,2073.018,59.743,0
3578.564,2072.992,59.743,0
3577.565,2072.967,59.743,0
3576.565,2072.942,59.743,0
3575.566,2072.917,59.743,0
3574.567,2072.891,59.743,0
3573.568,2072.866,59.743,0
3572.569,2072.841,59.743,0
3571.570,2072.815,59.743,0
3570.570,2072.790,59.743,0
3569.571,2072.765,59.743,0
3568.572,2072.740,59.743,0
3567.573,2072.714,59.743,0
3566.574,2072.689,59.743,0
3565.574,2072.664,59.743,0
3564.575,2072.638,59.743,0
3563.576,2072.613,59.743,0
3562.577,2072.588,59.743,0
3561.578,2072.563,59.743,0
3560.579,2072.537,59.743,0
3559.580,2072.512,59.743,0
3558.580,2072.487,59.743,0
3557.581,2072.461,59.743,0
3556.582,2072.436,59.743,0
3555.583,2072.411,59.743,0
3554.584,2072.386,59.743,0
3553.584,2072.360,59.743,0
3552.585,2072.335,59.743,0
3551.586,2072.310,59.743,0
3550.587,2072.284,59.743,0
3549.588,2072.259,59.743,0
3548.589,2072.234,59.743,0
3547.590,2072.209,59.743,0
3546.590,2072.183,59.743,0
3545.591,2072.158,59.743,0
3544.592,2072.133,59.743,0
3543.593,2072.107,59.743,0
3542.594,2072.082,59.743,0
3541.594,2072.057,59.743,0
3540.595,2072.032,59.743,0
3539.596,2072.006,59.743,0
3538.597,2071.981,59.743,0
3537.598,2071.956,59.743,0
3536.599,2071.930,59.743,0
3535.600,2071.905,59.743,0
3534.600,2071.880,59.743,0
3533.916,2072.185,59.743,0
3533.890,2073.184,59.743,0
3533.865,2074.184,59.743,0
3533.840,2075.183,59.743,0
3533.814,2076.182,59.743,0
3533.789,2077.181,59.743,0
3533.764,2078.180,59.743,0
3532.903,2078.301,59.743,0
3531.904,2078.276,59.743,0
3530.905,2078.250,59.743,0
3529.906,2078.225,59.743,0
3529.311,2077.816,59.743,0
3529.336,2076.816,59.743,0
3529.361,2075.817,59.743,0
3529.387,2074.818,59.743,0
3529.412,2073.819,59.743,0
3529.437,2072.820,59.743,0
3529.462,2071.821,59.743,0
3529.488,2070.822,59.743,0
3529.513,2069.822,59.743,0
3529.538,2068.823,59.743,0
3529.564,2067.824,59.743,0
3529.589,2066.825,59.743,0
3529.614,2065.826,59.743,0
3529.639,2064.826,59.743,0
3529.665,2063.827,59.743,0
3529.690,2062.828,59.743,0
3529.715,2061.829,59.743,0
3530.538,2061.669,59.743,0
3531.537,2061.694,59.743,0
3532.536,2061.719,59.743,0
3533.536,2061.745,59.743,0
3534.535,2061.770,59.743,0
3535.534,2061.795,59.743,0
3536.533,2061.820,59.743,0
3536.640,2060.907,59.743,0
3536.666,2059.908,59.743,0
3536.691,2058.909,59.743,0
3536.716,2057.910,59.743,0
3536.741,2056.911,59.743,0
3535.745,2056.883,59.743,0
3534.746,2056.857,59.743,0
3533.747,2056.832,59.743,0
3532.748,2056.807,59.743,0
3531.749,2056.781,59.743,0
3530.750,2056.756,59.743,0
3529.961,2056.530,59.743,0
3529.987,2055.531,59.743,0
3530.012,2054.531,59.743,0
3530.037,2053.532,59.743,0
3530.063,2052.533,59.743,0
3529.218,2052.361,59.743,0
3528.219,2052.335,59.743,0
3527.220,2052.310,59.743,0
3526.221,2052.285,59.743,0
3525.221,2052.260,59.743,0
3524.222,2052.234,59.743,0
3523.223,2052.209,59.743,0
3522.224,2052.184,59.743,0
3521.225,2052.158,59.743,0
3520.226,2052.133,59.743,0
3519.226,2052.108,59.743,0
3518.227,2052.083,59.743,0
3517.228,2052.057,59.743,0
3516.229,2052.032,59.743,0
3515.230,2052.007,59.743,0
3514.651,2052.424,59.743,0
3514.626,2053.423,59.743,0
3514.601,2054.423,59.743,0
3514.575,2055.422,59.743,0
3514.550,2056.421,59.743,0
3514.525,2057.420,59.743,0
3514.500,2058.419,59.743,0
3514.474,2059.418,59.743,0
3514.449,2060.417,59.743,0
3514.424,2061.417,59.743,0
3514.398,2062.416,59.743,0
3514.373,2063.415,59.743,0
3514.348,2064.414,59.743,0
3514.323,2065.413,59.743,0
3514.882,2065.857,59.743,0
3515.881,2065.882,59.743,0
3516.880,2065.907,59.743,0
3517.367,2066.420,59.743,0
3517.342,2067.419,59.743,0
3517.316,2068.418,59.743,0
3517.291,2069.417,59.743,0
3517.266,2070.417,59.743,0
3517.240,2071.416,59.743,0
3517.215,2072.415,59.743,0
3517.190,2073.414,59.743,0
3517.165,2074.413,59.743,0
3517.139,2075.412,59.743,0
3517.114,2076.411,59.743,0
3517.089,2077.411,59.743,0
3517.064,2078.410,59.743,0
3517.038,2079.409,59.743,0
3517.013,2080.408,59.743,0
3516.988,2081.407,59.743,0
3516.962,2082.406,59.743,0
3516.937,2083.406,59.743,0
3517.423,2083.919,59.743,0
3518.422,2083.944,59.743,0
3519.421,2083.969,59.743,0
3520.421,2083.995,59.743,0
3521.420,2084.020,59.743,0
3522.419,2084.045,59.743,0
3523.418,2084.071,59.743,0
3523.534,2084.935,59.743,0
3523.509,2085.935,59.743,0
3523.483,2086.934,59.743,0
3523.458,2087.933,59.743,0
3523.433,2088.932,59.743,0
3523.908,2089.456,59.743,0
3524.907,2089.481,59.743,0
3525.906,2089.506,59.743,0
3526.906,2089.531,59.743,0
3527.905,2089.557,59.743,0
3528.904,2089.582,59.743,0
3529.221,2088.889,59.743,0
3529.246,2087.890,59.743,0
3529.271,2086.891,59.743,0
3530.157,2086.797,59.743,0
3530.428,2087.515,59.743,0
3530.403,2088.514,59.743,0
3530.377,2089.513,59.743,0
3530.352,2090.512,59.743,0
3530.327,2091.511,59.743,0
3530.302,2092.510,59.743,0
3530.276,2093.510,59.743,0
3530.625,2094.154,59.743,0
3531.624,2094.179,59.743,0
3532.623,2094.204,59.743,0
3533.622,2094.229,59.743,0
3534.622,2094.255,59.743,0
3535.621,2094.280,59.743,0
3536.620,2094.305,59.743,0
3537.619,2094.331,59.743,0
3538.618,2094.356,59.743,0
3539.617,2094.381,59.743,0
3540.616,2094.406,59.743,0
3541.616,2094.432,59.743,0
3542.615,2094.457,59.743,0
3543.614,2094.482,59.743,0
3544.613,2094.507,59.743,0
3545.612,2094.533,59.743,0
3546.612,2094.558,59.743,0
3547.611,2094.583,59.743,0
3548.610,2094.608,59.743,0
3549.609,2094.634,59.743,0
3550.608,2094.659,59.743,0
3551.607,2094.684,59.743,0
3552.606,2094.710,59.743,0
3553.606,2094.735,59.743,0
3554.605,2094.760,59.743,0
3555.604,2094.785,59.743,0
3556.603,2094.811,59.743,0
3557.602,2094.836,59.743,0
3558.602,2094.861,59.743,0
3559.601,2094.886,59.743,0
3560.600,2094.912,59.743,0
3561.599,2094.937,59.743,0
3562.598,2094.962,59.743,0
3563.597,2094.988,59.743,0
3564.596,2095.013,59.743,0
3565.596,2095.038,59.743,0
3566.318,2095.327,59.743,0
3566.293,2096.326,59.743,0
3566.268,2097.325,59.743,0
3566.703,2097.886,59.743,0
3567.702,2097.911,59.743,0
3568.702,2097.937,59.743,0
3569.701,2097.962,59.743,0
3570.700,2097.987,59.743,0
3571.699,2098.012,59.743,0
3572.698,2098.038,59.743,0
3573.698,2098.063,59.743,0
3574.697,2098.088,59.743,0
3575.696,2098.113,59.743,0
3576.695,2098.139,59.743,0
3577.694,2098.164,59.743,0
3578.693,2098.189,59.743,0
3579.692,2098.215,59.743,0
3580.692,2098.240,59.743,0
3581.691,2098.265,59.743,0
3582.690,2098.290,59.743,0
3583.689,2098.316,59.743,0
3584.688,2098.341,59.743,0
3585.688,2098.366,59.743,0
3586.687,2098.391,59.743,0
3587.686,2098.417,59.743,0
3588.685,2098.442,59.743,0
3589.684,2098.467,59.743,0
3590.683,2098.492,59.743,0
3591.682,2098.518,59.743,0
3592.682,2098.543,59.743,0
3593.681,2098.568,59.743,0
3594.680,2098.594,59.743,0
3595.679,2098.619,59.743,0
3596.678,2098.644,59.743,0
3597.677,2098.669,59.743,0
3598.677,2098.695,59.743,0
3599.676,2098.720,59.743,0
3600.675,2098.745,59.743,0
3601.674,2098.771,59.743,0
3602.673,2098.796,59.743,0
3603.672,2098.821,59.743,0
3604.672,2098.846,59.743,0
3605.671,2098.872,59.743,0
3606.670,2098.897,59.743,0
3607.669,2098.922,59.743,0
3608.668,2098.948,59.743,0
3609.667,2098.973,59.743,0
3610.667,2098.998,59.743,0
3611.666,2099.023,59.743,0
3612.665,2099.049,59.743,0
3613.664,2099.074,59.743,0
3614.556,2098.986,59.743,0
3614.581,2097.987,59.743,0
3614.607,2096.988,59.743,0
3614.796,2096.162,59.743,0
3615.795,2096.187,59.743,0
3616.795,2096.212,59.743,0
3617.794,2096.238,59.743,0
3618.793,2096.263,59.743,0
3619.792,2096.288,59.743,0
3620.791,2096.313,59.743,0
3621.791,2096.339,59.743,0
3622.790,2096.364,59.743,0
3623.789,2096.389,59.743,0
3624.788,2096.415,59.743,0
3625.787,2096.440,59.743,0
3626.786,2096.465,59.743,0
3627.785,2096.490,59.743,0
3628.785,2096.516,59.743,0
3629.784,2096.541,59.743,0
3630.783,2096.566,59.743,0
3631.782,2096.592,59.743,0
3632.781,2096.617,59.743,0
3633.781,2096.642,59.743,0
3634.780,2096.667,59.743,0
3635.779,2096.693,59.743,0
3636.778,2096.718,59.743,0
3637.777,2096.743,59.743,0
3638.776,2096.768,59.743,0
3639.775,2096.794,59.743,0
3640.775,2096.819,59.743,0
3641.774,2096.844,59.743,0
3642.773,2096.869,59.743,0
3643.772,2096.895,59.743,0
3644.771,2096.920,59.743,0
3645.771,2096.945,59.743,0
3646.770,2096.971,59.743,0
3647.769,2096.996,59.743,0
3648.768,2097.021,59.743,0
3649.767,2097.046,59.743,0
3650.766,2097.072,59.743,0
3651.765,2097.097,59.743,0
3652.765,2097.122,59.743,0
3653.764,2097.147,59.743,0
3654.763,2097.173,59.743,0
3655.762,2097.198,59.743,0
3656.761,2097.223,59.743,0
3695.459,2040.020,65.789,1
3694.460,2039.989,65.789,1
3693.462,2039.958,65.789,1
3692.463,2039.926,65.789,1
3691.465,2039.895,65.789,1
3690.466,2039.863,65.789,1
3689.468,2039.832,65.789,1
3688.469,2039.801,65.789,1
3687.471,2039.769,65.789,1
3686.472,2039.738,65.789,1
3685.474,2039.707,65.789,1
3684.475,2039.675,65.789,1
3683.477,2039.644,65.789,1
3682.478,2039.612,65.789,1
3681.479,2039.581,65.789,1
3680.481,2039.550,65.789,1
3679.482,2039.518,65.789,1
3678.484,2039.487,65.789,1
3677.485,2039.455,65.789,1
3676.487,2039.424,65.789,1
3675.488,2039.393,65.789,1
3674.490,2039.361,65.789,1
3673.491,2039.330,65.789,1
3672.493,2039.298,65.789,1
3671.494,2039.267,65.789,1
3670.496,2039.236,65.789,1
3669.497,2039.204,65.789,1
3668.499,2039.173,65.789,1
3667.500,2039.142,65.789,1
3666.502,2039.110,65.789,1
3665.503,2039.079,65.789,1
3664.988,2038.594,65.789,1
3665.020,2037.595,65.789,1
3664.509,2037.107,65.789,1
3663.510,2037.076,65.789,1
3662.511,2037.046,65.789,1
3661.744,2037.261,65.789,1
3661.714,2038.260,65.789,1
3661.684,2039.258,65.789,1
3661.653,2040.257,65.789,1
3661.086,2040.685,65.789,1
3660.088,2040.655,65.789,1
3659.089,2040.625,65.789,1
3658.091,2040.594,65.789,1
3657.092,2040.564,65.789,1
3656.094,2040.533,65.789,1
3655.095,2040.503,65.789,1
3654.096,2040.473,65.789,1
3653.098,2040.442,65.789,1
3652.099,2040.412,65.789,1
3651.101,2040.381,65.789,1
3650.102,2040.351,65.789,1
3649.104,2040.321,65.789,1
3648.105,2040.290,65.789,1
3647.106,2040.260,65.789,1
3646.108,2040.229,65.789,1
3645.109,2040.199,65.789,1
3644.111,2040.169,65.789,1
3643.112,2040.138,65.789,1
3642.114,2040.108,65.789,1
3641.115,2040.078,65.789,1
3640.116,2040.047,65.789,1
3639.118,2040.017,65.789,1
3638.119,2039.986,65.789,1
3637.121,2039.956,65.789,1
3636.122,2039.926,65.789,1
3635.124,2039.895,65.789,1
3634.125,2039.865,65.789,1
3633.126,2039.834,65.789,1
3632.128,2039.804,65.789,1
3631.264,2039.647,65.789,1
3631.294,2038.649,65.789,1
3631.325,2037.650,65.789,1
3631.355,2036.651,65.789,1
3630.811,2036.193,65.789,1
3629.813,2036.163,65.789,1
3628.814,2036.132,65.789,1
3628.132,2036.437,65.789,1
3628.102,2037.436,65.789,1
3628.049,2038.409,65.789,1
3627.050,2038.380,65.789,1
3626.052,2038.350,65.789,1
3625.053,2038.321,65.789,1
3624.055,2038.291,65.789,1
3623.056,2038.262,65.789,1
3622.057,2038.232,65.789,1
3621.059,2038.203,65.789,1
3620.060,2038.173,65.789,1
3619.062,2038.144,65.789,1
3618.063,2038.115,65.789,1
3617.064,2038.085,65.789,1
3616.066,2038.056,65.789,1
3615.067,2038.026,65.789,1
3614.069,2037.997,65.789,1
3613.070,2037.967,65.789,1
3612.534,2037.502,65.789,1
3612.563,2036.503,65.789,1
3612.593,2035.505,65.789,1
3612.622,2034.506,65.789,1
3612.652,2033.507,65.789,1
3612.681,2032.509,65.789,1
3612.234,2031.959,65.789,1
3611.236,2031.930,65.789,1
3610.237,2031.901,65.789,1
3609.239,2031.872,65.789,1
3608.240,2031.843,65.789,1
3607.826,2032.432,65.789,1
3607.798,2033.431,65.789,1
3607.770,2034.430,65.789,1
3607.742,2035.428,65.789,1
3606.865,2035.529,65.789,1
3605.867,2035.500,65.789,1
3604.868,2035.471,65.789,1
3603.869,2035.443,65.789,1
3602.871,2035.414,65.789,1
3601.872,2035.385,65.789,1
3600.874,2035.357,65.789,1
3600.482,2034.754,65.789,1
3600.511,2033.756,65.789,1
3600.540,2032.757,65.789,1
3600.569,2031.759,65.789,1
3600.598,2030.760,65.789,1
3600.627,2029.761,65.789,1
3600.656,2028.763,65.789,1
3600.685,2027.764,65.789,1
3600.714,2026.766,65.789,1
3600.743,2025.767,65.789,1
3600.772,2024.768,65.789,1
3600.801,2023.770,65.789,1
3600.678,2022.914,65.789,1
3599.679,2022.886,65.789,1
3598.681,2022.858,65.789,1
3597.682,2022.829,65.789,1
3597.028,2023.165,65.789,1
3597.000,2024.164,65.789,1
3596.973,2025.162,65.789,1
3596.798,2026.004,65.789,1
3595.799,2025.976,65.789,1
3594.801,2025.947,65.789,1
3594.550,2026.707,65.789,1
3593.551,2026.680,65.789,1
3592.553,2026.653,65.789,1
3591.554,2026.626,65.789,1
3590.555,2026.599,65.789,1
3589.618,2026.514,65.789,1
3589.295,2025.847,65.789,1
3588.296,2025.815,65.789,1
3587.326,2025.756,65.789,1
3587.361,2024.758,65.789,1
3587.396,2023.759,65.789,1
3587.252,2022.928,65.789,1
3586.254,2022.896,65.789,1
3585.255,2022.864,65.789,1
3584.257,2022.832,65.789,1
3583.703,2023.274,65.789,1
3583.672,2024.272,65.789,1
3583.641,2025.271,65.789,1
3583.609,2026.269,65.789,1
3583.578,2027.268,65.789,1
3583.547,2028.266,65.789,1
3583.516,2029.265,65.789,1
3583.484,2030.263,65.789,1
3583.453,2031.262,65.789,1
3583.422,2032.260,65.789,1
3583.391,2033.259,65.789,1
3583.360,2034.258,65.789,1
3582.988,2034.894,65.789,1
3581.990,2034.863,65.789,1
3580.991,2034.831,65.789,1
3579.993,2034.800,65.789,1
3578.994,2034.769,65.789,1
3577.996,2034.737,65.789,1
3576.997,2034.706,65.789,1
3575.999,2034.675,65.789,1
3575.944,2033.757,65.789,1
3575.975,2032.758,65.789,1
3576.007,2031.760,65.789,1
3575.544,2031.225,65.789,1
3574.546,2031.194,65.789,1
3573.547,2031.163,65.789,1
3572.549,2031.131,65.789,1
3571.550,2031.100,65.789,1
3571.316,2031.883,65.789,1
3571.285,2032.881,65.789,1
3571.254,2033.880,65.789,1
3571.223,2034.879,65.789,1
3571.192,2035.877,65.789,1
3571.161,2036.876,65.789,1
3570.337,2037.030,65.789,1
3569.338,2036.999,65.789,1
3568.340,2036.968,65.789,1
3567.341,2036.937,65.789,1
3566.343,2036.906,65.789,1
3565.344,2036.875,65.789,1
3564.345,2036.843,65.789,1
3563.347,2036.812,65.789,1
3562.348,2036.781,65.789,1
3561.350,2036.750,65.789,1
3560.351,2036.719,65.789,1
3559.353,2036.688,65.789,1
3558.354,2036.657,65.789,1
3557.356,2036.626,65.789,1
3556.357,2036.595,65.789,1
3555.619,2036.319,65.789,1
3555.650,2035.321,65.789,1
3555.566,2034.431,65.789,1
3554.567,2034.400,65.789,1
3553.569,2034.370,65.789,1
3552.570,2034.339,65.789,1
3552.332,2035.116,65.789,1
3552.302,2036.115,65.789,1
3552.272,2037.114,65.789,1
3552.115,2037.977,65.789,1
3551.116,2037.947,65.789,1
3550.118,2037.917,65.789,1
3549.119,2037.887,65.789,1
3548.120,2037.857,65.789,1
3547.122,2037.827,65.789,1
3546.123,2037.797,65.789,1
3545.125,2037.767,65.789,1
3544.126,2037.737,65.789,1
3543.127,2037.707,65.789,1
3542.129,2037.677,65.789,1
3541.130,2037.647,65.789,1
3540.132,2037.617,65.789,1
3539.133,2037.587,65.789,1
3538.135,2037.557,65.789,1
3537.136,2037.527,65.789,1
3536.886,2036.792,65.789,1
3536.916,2035.794,65.789,1
3536.946,2034.795,65.789,1
3536.868,2033.899,65.789,1
3535.869,2033.869,65.789,1
3534.871,2033.839,65.789,1
3533.872,2033.809,65.789,1
3533.649,2034.603,65.789,1
3533.619,2035.601,65.789,1
3533.042,2036.020,65.789,1
3532.044,2035.990,65.789,1
3531.045,2035.960,65.789,1
3530.047,2035.930,65.789,1
3529.048,2035.900,65.789,1
3528.050,2035.870,65.789,1
3527.051,2035.839,65.789,1
3526.052,2035.809,65.789,1
3525.054,2035.779,65.789,1
3524.055,2035.749,65.789,1
3523.057,2035.719,65.789,1
3522.058,2035.689,65.789,1
3521.060,2035.659,65.789,1
3520.061,2035.629,65.789,1
3519.063,2035.599,65.789,1
3518.126,2035.510,65.789,1
3518.156,2034.512,65.789,1
3518.186,2033.513,65.789,1
3518.216,2032.515,65.789,1
3518.246,2031.516,65.789,1
3518.276,2030.518,65.789,1
3518.306,2029.519,65.789,1
3518.336,2028.520,65.789,1
3518.366,2027.522,65.789,1
3517.677,2027.201,65.789,1
3516.678,2027.172,65.789,1
3515.679,2027.142,65.789,1
3514.681,2027.113,65.789,1
3513.682,2027.083,65.789,1
3512.684,2027.053,65.789,1
3511.685,2027.024,65.789,1
3510.687,2026.994,65.789,1
3509.688,2026.965,65.789,1
3508.689,2026.935,65.789,1
3507.691,2026.905,65.789,1
3507.424,2026.186,65.789,1
3507.454,2025.188,65.789,1
3507.483,2024.189,65.789,1
3507.513,2023.191,65.789,1
3507.543,2022.192,65.789,1
3507.573,2021.194,65.789,1
3507.603,2020.195,65.789,1
3507.633,2019.196,65.789,1
3507.662,2018.198,65.789,1
3507.692,2017.199,65.789,1
3507.722,2016.201,65.789,1
3507.752,2015.202,65.789,1
3507.782,2014.203,65.789,1
3507.812,2013.205,65.789,1
3507.841,2012.206,65.789,1
3507.871,2011.208,65.789,1
3507.901,2010.209,65.789,1
3507.931,2009.211,65.789,1
3508.750,2009.050,65.789,1
3509.749,2009.080,65.789,1
3510.747,2009.110,65.789,1
3511.234,2008.597,65.789,1
3511.264,2007.598,65.789,1
3511.294,2006.600,65.789,1
3511.324,2005.601,65.789,1
3511.354,2004.603,65.789,1
3511.384,2003.604,65.789,1
3511.046,2002.951,65.789,1
3510.048,2002.922,65.789,1
3509.049,2002.893,65.789,1
3508.051,2002.863,65.789,1
3507.944,2001.994,65.789,1
3507.974,2000.995,65.789,1
3508.005,1999.997,65.789,1
3508.035,1998.998,65.789,1
3508.066,1998.000,65.789,1
3508.097,1997.001,65.789,1
3508.412,1996.306,65.789,1
3509.411,1996.338,65.789,1
3510.409,1996.370,65.789,1
3511.408,1996.401,65.789,1
3512.406,1996.433,65.789,1
3513.405,1996.465,65.789,1
3514.403,1996.496,65.789,1
3515.402,1996.528,65.789,1
3516.056,1996.193,65.789,1
3516.085,1995.195,65.789,1
3516.115,1994.196,65.789,1
3516.403,1993.472,65.789,1
3517.401,1993.504,65.789,1
3517.705,1992.797,65.789,1
3517.735,1991.798,65.789,1
3517.765,1990.800,65.789,1
3517.816,1989.934,65.661,1
3517.932,1989.508,65.107,1
3518.333,1988.905,65.107,1
3519.332,1988.927,65.107,1
3520.331,1988.949,65.107,1
3521.329,1988.971,65.107,1
3522.328,1988.993,65.107,1
3523.327,1989.015,65.107,1
3524.326,1989.037,65.107,1
3525.324,1989.059,65.107,1
3526.323,1989.081,65.107,1
3527.322,1989.103,65.107,1
3528.321,1989.125,65.107,1
3529.320,1989.147,65.107,1
3530.318,1989.169,65.107,1
3531.317,1989.192,65.107,1
3532.316,1989.214,65.107,1
3533.315,1989.236,65.107,1
3534.313,1989.258,65.107,1
3535.312,1989.280,65.107,1
3536.311,1989.302,65.107,1
3537.310,1989.324,65.107,1
3538.309,1989.346,65.107,1
3539.307,1989.368,65.107,1
3540.306,1989.390,65.107,1
3541.305,1989.412,65.107,1
3542.304,1989.434,65.107,1
3543.302,1989.456,65.107,1
3544.301,1989.478,65.107,1
3545.300,1989.500,65.107,1
3546.299,1989.522,65.107,1
3547.298,1989.544,65.107,1
3548.296,1989.566,65.107,1
3549.295,1989.588,65.107,1
3550.294,1989.610,65.107,1
3551.293,1989.632,65.107,1
3552.292,1989.655,65.107,1
3553.290,1989.677,65.107,1
3554.289,1989.699,65.107,1
3555.288,1989.721,65.107,1
3556.287,1989.743,65.107,1
3557.285,1989.765,65.107,1
3558.284,1989.787,65.107,1
3559.283,1989.809,65.107,1
3560.282,1989.831,65.107,1
3561.281,1989.853,65.107,1
3562.279,1989.875,65.107,1
3563.278,1989.897,65.107,1
3564.277,1989.919,65.107,1
3565.276,1989.941,65.107,1
3566.274,1989.963,65.107,1
3567.273,1989.985,65.107,1
3568.272,1990.007,65.107,1
3569.271,1990.029,65.107,1
3570.270,1990.051,65.107,1
3571.268,1990.073,65.107,1
3572.267,1990.095,65.107,1
3573.266,1990.118,65.107,1
3574.265,1990.140,65.107,1
3575.263,1990.162,65.107,1
3576.262,1990.184,65.107,1
3577.103,1990.357,65.107,1
3577.082,1991.337,65.126,1
3577.130,1991.447,66.010,1
3577.106,1992.446,66.010,1
3577.082,1993.444,66.010,1
3577.058,1994.443,66.010,1
3577.845,1994.669,66.010,1
3578.844,1994.692,66.010,1
3579.843,1994.716,66.010,1
3580.841,1994.740,66.010,1
3581.840,1994.763,66.010,1
3582.839,1994.787,66.010,1
3583.838,1994.811,66.010,1
3584.836,1994.835,66.010,1
3585.835,1994.858,66.010,1
3586.834,1994.882,66.010,1
3587.833,1994.906,66.010,1
3588.831,1994.929,66.010,1
3589.830,1994.953,66.010,1
3590.829,1994.977,66.010,1
3591.828,1995.000,66.010,1
3592.826,1995.024,66.010,1
3593.825,1995.048,66.010,1
3594.824,1995.072,66.010,1
3595.823,1995.095,66.010,1
3596.821,1995.119,66.010,1
3597.820,1995.143,66.010,1
3598.819,1995.167,66.010,1
3599.817,1995.190,66.010,1
3600.816,1995.214,66.010,1
3601.815,1995.238,66.010,1
3602.814,1995.261,66.010,1
3603.813,1995.285,66.010,1
3604.811,1995.309,66.010,1
3605.810,1995.332,66.010,1
3606.809,1995.356,66.010,1
3607.807,1995.380,66.010,1
3608.627,1995.216,66.010,1
3608.651,1994.217,66.010,1
3608.675,1993.218,66.010,1
3608.698,1992.220,66.010,1
3608.722,1991.221,66.010,1
3609.667,1991.189,65.996,1
3610.666,1991.213,65.982,1
3611.665,1991.236,65.968,1
3612.664,1991.260,65.953,1
3613.662,1991.284,65.939,1
3614.661,1991.307,65.924,1
3615.659,1991.331,65.910,1
3616.658,1991.355,65.896,1
3617.657,1991.378,65.881,1
3618.655,1991.402,65.867,1
3619.654,1991.426,65.852,1
3620.653,1991.449,65.838,1
3621.651,1991.473,65.824,1
3622.650,1991.497,65.809,1
3623.648,1991.520,65.795,1
3624.647,1991.544,65.780,1
3625.646,1991.568,65.766,1
3626.644,1991.591,65.752,1
3627.643,1991.615,65.737,1
3628.642,1991.639,65.723,1
3629.640,1991.662,65.708,1
3630.639,1991.686,65.694,1
3631.638,1991.710,65.680,1
3632.636,1991.734,65.665,1
3633.635,1991.757,65.651,1
3634.634,1991.781,65.637,1
3635.632,1991.805,65.622,1
3636.631,1991.828,65.608,1
3637.629,1991.852,65.593,1
3638.628,1991.875,65.579,1
3639.627,1991.899,65.565,1
3640.625,1991.923,65.550,1
3641.624,1991.947,65.536,1
3642.623,1991.970,65.521,1
3643.621,1991.994,65.507,1
3644.620,1992.018,65.493,1
3645.618,1992.041,65.478,1
3646.617,1992.065,65.464,1
3647.616,1992.089,65.449,1
3648.615,1992.112,65.435,1
3649.613,1992.136,65.421,1
3650.612,1992.160,65.406,1
3651.610,1992.183,65.392,1
3652.609,1992.207,65.377,1
3653.608,1992.231,65.363,1
3654.606,1992.254,65.349,1
3655.605,1992.278,65.334,1
3656.604,1992.302,65.320,1
3657.602,1992.325,65.305,1
3658.601,1992.349,65.291,1
3659.599,1992.373,65.277,1
3660.598,1992.396,65.262,1
3661.597,1992.420,65.248,1
3662.595,1992.444,65.233,1
3663.594,1992.467,65.219,1
3664.593,1992.491,65.205,1
3665.591,1992.515,65.190,1
3666.590,1992.538,65.176,1
3667.589,1992.562,65.162,1
3668.587,1992.586,65.147,1
3669.586,1992.609,65.133,1
3670.584,1992.633,65.118,1
3671.583,1992.657,65.104,1
3672.582,1992.680,65.090,1
3673.580,1992.704,65.075,1
3674.579,1992.728,65.061,1
3675.578,1992.751,65.046,1
3676.576,1992.775,65.032,1
3677.575,1992.799,65.018,1
3678.573,1992.822,65.003,1
3679.572,1992.846,64.989,1
3680.571,1992.870,64.974,1
3681.570,1992.893,64.960,1
3682.568,1992.917,64.946,1
3683.567,1992.941,64.931,1
3684.565,1992.964,64.917,2
3685.565,1992.985,64.917,2
3686.564,1993.005,64.917,2
3687.564,1993.025,64.917,2
3688.563,1993.045,64.917,2
3689.563,1993.065,64.917,2
3690.562,1993.086,64.917,2
3690.582,1993.086,64.917,2
3695.554,2036.988,65.789,3
3696.542,2036.982,65.789,3
3697.529,2036.977,65.789,3
3698.516,2036.971,65.789,3
3699.502,2036.966,65.789,3
3700.006,2036.460,65.789,3
3700.044,2035.474,65.789,3
3700.082,2034.487,65.789,3
3700.120,2033.501,65.789,3
3700.159,2032.515,65.789,3
3700.197,2031.528,65.789,3
3700.235,2030.542,65.789,3
3700.273,2029.556,65.789,3
3700.312,2028.569,65.789,3
3700.350,2027.583,65.789,3
3700.388,2026.597,65.789,3
3700.427,2025.611,65.789,3
3700.206,2024.720,65.789,3
3700.224,2023.733,65.789,3
3700.242,2022.746,65.789,3
3700.260,2021.759,65.789,3
3700.278,2020.772,65.789,3
3700.296,2019.786,65.789,3
3700.313,2018.799,65.789,3
3700.331,2017.812,65.789,3
3700.349,2016.825,65.789,3
3700.367,2015.838,65.789,3
3700.385,2014.851,65.789,3
3700.403,2013.864,65.789,3
3699.656,2013.607,65.789,3
3698.669,2013.579,65.789,3
3697.683,2013.550,65.789,3
3696.696,2013.522,65.789,3
3696.114,2013.110,65.789,3
3696.138,2012.123,65.789,3
3696.163,2011.136,65.789,3
3696.187,2010.150,65.789,3
3696.211,2009.163,65.789,3
3696.236,2008.176,65.789,3
3696.388,2007.329,65.789,3
3697.373,2007.390,65.789,3
3698.358,2007.452,65.789,3
3699.343,2007.513,65.789,3
3699.642,2006.809,65.789,3
3699.687,2005.823,65.789,3
3699.733,2004.837,65.789,3
3699.779,2003.851,65.789,3
3699.825,2002.865,65.789,3
3699.870,2001.879,65.789,3
3699.649,2001.138,65.789,3
3698.663,2001.099,65.789,3
3697.677,2001.060,65.789,3
3696.690,2001.021,65.789,3
3695.704,2000.982,65.789,3
3694.718,2000.943,65.789,3
3693.732,2000.904,65.789,3
3692.745,2000.865,65.789,3
3692.093,2000.519,65.786,3
3692.135,1999.533,65.777,3
3692.177,1998.547,65.768,3
3692.053,1997.710,65.761,3
3691.068,1997.648,65.761,3
3690.575,1997.145,65.761,3
3690.623,1996.159,65.761,3
3690.671,1995.173,65.761,3
